[gd_scene load_steps=10 format=2]

[ext_resource path="res://default_env.tres" type="Environment" id=1]
[ext_resource path="res://region.tscn" type="PackedScene" id=2]
[ext_resource path="res://planet.gd" type="Script" id=3]
[ext_resource path="res://camera.gd" type="Script" id=4]
[ext_resource path="res://icon.png" type="Texture" id=5]

[sub_resource type="SpatialMaterial" id=2]
albedo_color = Color( 0, 0.203922, 1, 1 )

[sub_resource type="SpatialMaterial" id=3]
albedo_color = Color( 1, 0, 0, 1 )

[sub_resource type="SpatialMaterial" id=4]
albedo_color = Color( 0, 1, 0.0392157, 1 )

[sub_resource type="SpatialMaterial" id=5]
albedo_color = Color( 1, 0.890196, 0, 1 )

[node name="world" type="Spatial"]
script = ExtResource( 3 )

[node name="WorldEnvironment" type="WorldEnvironment" parent="."]
environment = ExtResource( 1 )

[node name="sun" type="DirectionalLight" parent="WorldEnvironment"]
transform = Transform( 0.341758, -0.939788, 0, 0.939788, 0.341758, 0, 0, 0, 1, 3.4631, 1.0819, -4.16805 )

[node name="planet" type="Spatial" parent="."]
transform = Transform( -0.407645, 0, 0.91314, 0, 1, 0, -0.91314, 0, -0.407645, 0, 0, 0 )

[node name="CSGSphere" type="CSGSphere" parent="planet"]
transform = Transform( 0.913299, -0.0762811, 0.400083, 0.0642637, 0.996989, 0.0433897, -0.402188, -0.013917, 0.915452, 0, 0, 0 )

[node name="Blue" parent="planet" groups=["nodes"] instance=ExtResource( 2 )]
transform = Transform( 0.2, 0, 0, 0, 0.2, 0, 0, 0, 0.2, 1.11926, 0, 0 )
material = SubResource( 2 )

[node name="Red" parent="planet" groups=["nodes"] instance=ExtResource( 2 )]
transform = Transform( 0.146744, 0, -0.135891, 0, 0.2, 0, 0.135891, 0, 0.146744, -1.08376, 0, 0 )
material = SubResource( 3 )

[node name="Green" parent="planet" groups=["nodes"] instance=ExtResource( 2 )]
transform = Transform( 0.2, 0, 0, 0, 0.2, 0, 0, 0, 0.2, 0, 0, 1.04264 )
material = SubResource( 4 )

[node name="Yellow" parent="planet" groups=["nodes"] instance=ExtResource( 2 )]
transform = Transform( 0.2, 0, 0, 0, 0.2, 0, 0, 0, 0.2, 0, 0, -1.06655 )
material = SubResource( 5 )

[node name="camera" type="Spatial" parent="."]
script = ExtResource( 4 )

[node name="Camera" type="Camera" parent="camera"]
transform = Transform( -0.989681, 0, -0.143285, 0, 1, 0, 0.143285, 0, -0.989681, -0.524644, 0.631394, -4 )

[node name="question_arrows" type="Node2D" parent="."]

[node name="ArrowRight" type="Sprite" parent="question_arrows"]
position = Vector2( -185, 182 )
texture = ExtResource( 5 )
offset = Vector2( 416, 100 )

[node name="ArrowUp" type="Sprite" parent="question_arrows"]
position = Vector2( 91, -22 )
texture = ExtResource( 5 )
offset = Vector2( 416, 100 )

[node name="ArrowDown" type="Sprite" parent="question_arrows"]
position = Vector2( 92, 411 )
texture = ExtResource( 5 )
offset = Vector2( 416, 100 )

[node name="ArrowLeft" type="Sprite" parent="question_arrows"]
position = Vector2( 799, 270 )
texture = ExtResource( 5 )
